clean       mean [  2.05 -48.52  49.16  56.11   2.13   6.53]
            std  [16.54 50.75 42.75 15.61  3.06  9.74]
randomized  mean [  0.31 -46.07  43.87  59.41  -1.82   5.9 ]
            std  [30.   54.59 50.92 17.86  7.36  9.24]
recovery    mean [ -0.78 -41.13  39.12  65.79   5.03   6.42]
            std  [19.07 52.13 47.35 16.72  8.93  9.16]
color       mean [  2.89 -43.29  36.88  70.02   4.51   5.34]
            std  [16.92 56.12 53.27  9.7   8.25  8.71]
slowpace    mean [  2.82 -47.1   42.9   65.02   3.3    5.83]
            std  [17.34 53.61 48.09 12.36  7.04  8.65]
density     mean [ -6.53 -44.4   37.36  71.38  -3.28   5.96]
            std  [20.05 52.5  49.82  8.49 17.55  9.15]
